0 98.10003 -1.262123 -4.58445 0 11110010000011010110
1 98.10003 1.740607 -2.853424 0 11101110110011011011
2 98.10003 3.028748 -1.143316 0 10111111000100100011
3 98.10003 0.83713 -3.867974 0 01111100100111101011
4 98.10003 4.49612 -1.478762 0 01100011000100111011
5 98.10003 1.249139 2.687734 0 01111100001010111001
6 98.10003 2.253246 -4.114318 4.29351 00000111001000011011
7 98.10003 2.775458 3.779184 0 10101101010110110111
8 98.10003 -5.419464 4.977054 0 11001010011010100110
9 98.10003 -1.99798 3.369808 0 00101101010010001011
