17.49154 -18.43195
12.20246 3.019415
-13.09981 0.5030478
-13.33889 -0.752172
1.107989 -8.838585
17.39363 -18.76385
0.9448214 -8.871063
1.663188 -8.7663
1.163323 -9.06234
-13.05527 0.3417695
1.140233 -9.494042
0.9376038 -9.169163
-12.12567 -0.4128295
2.218964 -8.28595
-13.0999 0.8828924
-12.31237 0.8033825
1.829821 -9.614981
17.29173 -18.36439
13.03363 3.801064
-12.3658 0.6032309
12.84104 3.950141
-12.80916 -0.1539534
17.71846 -18.89907
1.135472 -8.519057
-12.87727 0.09742069
12.74562 4.32821
17.0425 -18.33711
17.64565 -18.42828
17.22616 -18.50928
12.92572 4.190817
-12.7287 0.6940832
-13.42389 -0.4078378
13.42616 3.439803
-12.88541 -19.45706
1.080035 -9.687924
16.7096 -19.00241
-12.29558 -19.60281
-13.31091 -0.117626
1.652285 -9.192797
12.05773 3.839261
2.406487 -9.323448
-12.59676 -20.20056
17.21614 -18.63348
1.944703 -9.363029
17.84241 -17.83899
