-3.414568 12.38308
-3.414568 12.38308
-3.414568 12.38308
-3.414568 12.38308
-3.414568 12.38308
-3.414568 12.38308
-3.414568 12.38308
-3.414568 12.38308
-3.414568 12.38308
-3.414568 12.38308
-3.414568 12.38308
-3.414568 12.38308
-3.414568 12.38308
-3.414568 12.22433
-3.414568 12.22433
-3.414567 12.14494
-3.414568 11.98619
-3.414567 11.90681
-3.414567 11.66867
-3.414567 11.43054
-3.414568 11.27178
-3.414567 11.11302
-3.414567 11.11302
-3.414568 10.95427
-3.414568 10.95427
-3.414568 10.87489
-3.414567 10.63675
-3.414567 10.63675
-3.414568 10.47799
-3.414569 10.39861
-3.414569 10.39861
-3.414568 10.23986
-3.573309 10.16048
-3.573309 10.16048
-3.573308 9.922339
-3.573308 9.684203
-3.573309 9.44607
-3.57331 9.366691
-3.652678 9.207934
-3.652679 8.969797
-3.652678 8.73166
-3.652679 8.652283
-3.652679 8.414145
-3.652679 8.334767
-3.652679 8.096631
-3.652678 7.937874
-3.652678 7.858494
-3.652678 7.858494
-3.652678 7.858494
-3.652678 7.858494
-3.652678 7.858494
-3.652678 7.858494
-3.652678 7.858494
-3.652678 7.858494
4.443936 11.58929
4.443936 11.58929
4.443936 11.58929
4.443936 11.58929
4.443936 11.58929
4.443936 11.50992
4.443936 11.27178
4.443936 10.95427
4.443936 10.71613
4.443936 10.39861
4.443936 10.23986
4.443936 10.00172
4.443936 9.842965
4.443936 9.604828
4.443936 9.36669
4.443936 9.207934
4.443936 8.969797
4.443936 8.89042
4.443936 8.73166
4.443936 8.493526
4.443936 8.334767
4.443936 8.096631
4.443936 8.096631
4.443936 7.937875
4.443936 7.858494
4.443936 7.699738
4.443936 7.699738
4.443936 7.699738
4.443936 7.699738
4.443936 7.699738
4.443936 7.699738
4.443936 7.699738
4.443936 7.699738
-10.24113 0.158757
-10.24113 0.158757
-10.24113 0.158757
-10.24113 0.158757
-10.24113 0.158757
-10.24113 0.158757
-10.24113 0.158757
-10.24113 0.158757
-10.24113 0.158757
-10.08236 0.158757
-10.08236 0.07938
-9.764843 -0.158757
-9.526733 -0.5556511
-9.209218 -0.952545
-8.732929 -1.270059
-8.256645 -1.666953
-7.939131 -1.825712
-7.542247 -2.063847
-7.304104 -2.222604
-6.986591 -2.301983
-6.748479 -2.54012
-6.430934 -2.778255
-5.954679 -2.937013
-5.478392 -3.09577
-5.002137 -3.333906
-4.525852 -3.572043
-4.208336 -3.7308
-3.73208 -3.968937
-3.176426 -4.207072
-2.700138 -4.365829
-1.98574 -4.603967
-1.350712 -5.000861
-0.7156849 -5.238997
-0.3188004 -5.477134
0.1574845 -5.556512
0.554369 -5.715269
0.8718839 -5.715269
1.42754 -5.794647
1.824424 -5.874025
2.300711 -5.874025
2.935738 -5.874025
3.412025 -5.874025
3.96765 -5.874025
4.60271 -5.874026
5.158334 -5.874025
5.475849 -5.874025
5.952135 -5.874025
6.507792 -5.874025
6.984047 -5.874025
7.380962 -5.794647
7.936588 -5.63589
8.412875 -5.556512
8.730388 -5.318374
9.047901 -5.080239
9.7623 -4.603967
9.7623 -4.44521
10.23859 -4.286451
10.5561 -3.889559
10.79424 -3.572043
11.03239 -3.333906
11.2705 -3.095771
11.50864 -2.778255
11.66741 -2.540119
11.82615 -2.381362
11.82616 -2.301982
11.82616 -2.143225
11.98493 -2.063847
12.0643 -1.825712
12.22304 -1.587575
12.30244 -1.270059
12.46118 -1.031924
12.54058 -0.6350294
12.69933 -0.4762725
12.69933 -0.2381355
