0 96.80005 -2.617431 -3.53261 0 11010001010100000011
1 96.80005 -4.018765 2.071205 0 10110011110010010011
2 96.80005 -1.292027 1.321832 0 10000110100010000101
3 96.80005 -0.7390029 3.38536 0 10110100110011000000
4 96.80005 -0.4050173 3.374805 0 11001101001001011110
5 96.80005 2.753359 -2.15432 4.904376 00110101100001000010
6 96.80005 0.4777337 -2.634669 0 01010001110010101000
7 96.80005 -1.883431 2.371322 0 10010100011011111111
8 96.80005 2.177574 -2.396315 0 10101000100111101011
9 96.80005 -2.392581 2.208629 2.460914 00110011110011100110
