17.48127 6.862947
17.61529 6.471569
-13.72102 19.70895
-18.19586 18.78209
-19.1664 19.47392
-18.00041 19.35408
-18.59727 18.65598
18.24826 6.500645
22.08999 -15.36059
-14.97044 9.343285
-19.18632 18.56028
-18.73133 19.44645
-13.44418 19.35294
17.47593 5.526336
-13.60432 19.66616
-18.7459 18.69501
-14.68811 9.505432
-17.71449 19.18309
-13.76296 19.42998
-19.18128 19.46565
-13.69924 9.12246
-14.33589 9.829205
21.72824 -15.56034
-18.3177 19.1697
22.03489 -15.02316
17.30624 6.028749
-14.5886 9.417615
21.39071 -15.90862
-13.91346 10.09537
-14.58416 9.843616
-19.01556 19.77581
17.96359 6.769816
